FROM#MyCosmicMantraCore @2022-09-16T20:58:25.415801
ITERAZIONI TOTALI=2;NUMERI PRIMI TOTALI=0;
totalIterationsFor-TheMindIsAMine=1;
totalPrimesFor-TheMindIsAMine=1;
totalIterationsFor-HopeNeverDie=1;
totalPrimesFor-HopeNeverDie=1;
